4663
34184
17705
26205
53308
56438
15444
5256
19228
9648
36718
33619
33982
50591
47483
32183
8170
39074
60312
61734
2425
23705
64114
41966
24108
12407
33484
54067
6583
52308
2798
33228
43113
46740
44998
50966
39325
1967
39606
3750
17647
62667
4359
10016
22057
31121
33894
24945
30911
40800
11161
7198
40092
31483
17916
30188
48616
31502
27740
56078
62265
5950
53877
12943
26619
65060
33587
39741
27079
25046
24108
38066
55176
10419
13652
34019
43078
51772
47252
46865
30424
54573
57561
9082
42434
46357
44999
47442
40259
19762
39232
53589
41119
6054
567
5196
55203
32786
8641
59040
49270
51509
4510
61484
53277
23597
2708
55198
16986
466
20389
8682
62156
45885
22824
32069
62485
47663
11923
44288
3319
49675
40736
26983
2671
5073
37779
30951
33651
24176
20442
44854
9216
20835
2411
15659
39217
16476
39604
9272
46582
11597
46560
65186
35118
28295
25176
34066
50316
35619
